2 32 0 2
1 30 10 2
0 30 10 3
2 32 0 2
1 30 10 2
0 30 10 3
2 32 0 2
1 24 3 2
2 32 0 4
1 3 4 4
2 32 0 6
1 25 5 6
2 32 0 2
1 24 3 2
2 16 0 2
1 8 3 2
2 16 0 4
1 9 5 4
2 16 0 6
1 13 7 6
2 16 0 8
1 1 9 8
2 16 0 10
1 12 11 10
2 8 3 12
2 32 0 2
2 16 0 2
2 16 0 2
2 16 0 2
0 0 13 3
2 16 0 2
0 0 13 3
2 16 0 2
2 16 0 2
2 16 0 2
0 0 13 3
2 16 0 2
0 0 13 3
2 16 0 2
1 3 4 2
2 16 0 4
1 9 8 4
2 16 0 2
1 13 2 2
2 16 0 4
1 1 5 4
2 16 0 6
1 14 8 6
2 16 0 8
1 15 3 8
2 16 0 10
1 3 1 10
2 13 2 12
2 13 2 15
1 9 4 15
2 1 5 17
1 12 6654 17
2 14 8 19
1 13 2 19
2 15 3 21
1 1 5 21
2 3 1 23
1 4 6 23
2 9 4 25
1 2 7 25
2 16 0 2
1 14 3 2
2 16 0 4
1 1 5 4
2 16 0 6
1 4 6 6
2 16 0 8
1 2 7 8
2 16 0 10
1 15 8 10
2 14 3 12
1 8 9 12
2 1 5 14
1 13 10 14
2 16 0 2
1 3 1 2
2 16 0 4
1 13 2 4
2 16 0 6
1 14 3 6
2 16 0 8
1 9 4 8
2 16 0 10
1 1 5 10
2 3 1 12
1 4 6 12
2 13 2 14
1 2 7 14
2 14 3 16
1 14 8 16
2 9 4 18
1 8 9 18
2 1 5 20
1 13 10 20
2 4 6 22
1 15 11 22
2 2 7 24
1 3 12 24
2 14 8 26
1 4 13 26
2 8 9 28
1 5 14 28
2 13 10 30
1 14 15 30
2 15 11 32
1 7 16 32
2 3 12 34
1 13 17 34
2 4 13 36
1 3 18 36
2 5 14 38
1 8 19 38
2 14 15 40
1 1 20 40
2 7 16 42
1 11 21 42
2 16 0 2
1 3 1 2
2 16 0 4
1 13 2 4
2 16 0 6
1 14 3 6
2 16 0 8
1 9 4 8
2 16 0 2
1 9 4 2
2 16 0 4
1 1 5 4
2 16 0 6
1 4 6 6
2 16 0 8
1 2 7 8
2 16 0 10
1 14 8 10
2 16 0 2
1 3 1 2
2 16 0 4
1 13 2 4
2 16 0 6
1 14 3 6
2 16 0 2
1 13 2 2
2 16 0 4
1 14 3 4
2 16 0 6
1 9 4 6
2 16 0 8
1 1 5 8
2 16 0 10
1 4 6 10
2 13 2 12
1 2 7 12
2 14 3 14
1 14 8 14
2 9 4 16
1 8 9 16
2 16 0 2
1 3 1 2
2 16 0 4
1 13 2 4
2 16 0 6
1 14 3 6
2 16 0 8
1 9 4 8
2 16 0 10
1 1 5 10
2 3 1 12
1 4 6 12
2 16 0 2
1 3 1 2
2 16 0 4
1 13 2 4
2 16 0 6
1 14 3 6
2 16 0 8
1 9 4 8
2 16 0 10
1 1 5 10
2 3 1 12
1 4 6 12
2 16 0 2
1 3 1 2
2 16 0 4
1 13 2 4
2 16 0 6
1 14 3 6
2 16 0 8
1 9 4 8
2 16 0 10
1 1 5 10
2 3 1 12
1 4 6 12
2 13 2 15
1 2 7 15
2 16 0 2
1 3 1 2
2 16 0 4
1 13 2 4
2 16 0 6
1 14 3 6
2 16 0 8
1 9 4 8
2 16 0 10
1 1 5 10
2 16 0 2
1 7 1 2
2 16 0 4
1 13 2 4
2 16 0 6
1 8 3 6
2 16 0 8
1 3 4 8
2 16 0 10
1 9 5 10
2 16 0 2
1 7 1 2
2 16 0 4
1 13 2 4
2 16 0 6
1 8 3 6
2 16 0 8
1 3 4 8
2 16 0 10
1 9 5 10
0 13 2 11
0 7 1 12
2 8 3 14
2 16 0 2
1 7 1 2
2 16 0 2
1 7 1 2
2 16 0 2
1 7 1 2
2 16 0 2
1 7 1 2
2 16 0 2
1 7 1 2
2 16 0 4
1 13 2 4
2 16 0 6
1 8 3 6
2 16 0 8
1 3 4 8
2 16 0 10
1 9 5 10
2 7 1 12
2 7 1 14
1 14 7 14
2 16 0 2
1 7 1 2
2 16 0 4
1 13 2 4
2 16 0 6
1 8 3 6
2 16 0 8
1 3 4 8
2 16 0 10
1 9 5 10
2 7 1 12
2 16 0 2
1 7 1 2
2 16 0 4
1 13 2 4
2 16 0 6
1 8 3 6
2 16 0 8
1 3 4 8
2 16 0 10
1 9 5 10
2 7 1 12
2 16 0 2
1 7 1 2
2 16 0 4
1 13 2 4
2 16 0 6
1 8 3 6
2 16 0 8
1 3 4 8
2 16 0 10
1 9 5 10
2 16 0 2
1 7 1 2
2 16 0 4
1 13 2 4
2 16 0 6
1 8 3 6
2 16 0 8
1 3 4 8
2 16 0 10
1 9 5 10
2 7 1 12
2 16 0 2
2 16 0 2
2 8 3 12
2 3 4 14
2 9 5 16
2 0 6 18
2 13 7 20
2 13 2 12
2 8 3 14
2 3 4 16
2 9 5 18
2 0 6 20
2 14 7 22
2 13 2 12
2 3 4 25
2 6 7 32
2 5 2 34
2 1 5 36
2 0 3 38
2 2 6 40
2 3 8 42
2 4 9 44
2 5 22 46
2 6 4 48
2 1 5 50
2 0 6 52
2 7 10 54
2 4 11 56
2 2 12 58
2 3 13 60
2 1 1 62
2 5 2 64
2 0 3 66
2 4 4 68
2 7 1 12
2 5 2 14
2 0 3 16
2 3 4 18
2 1 5 20
2 2 6 22
2 6 7 24
2 4 8 26
2 5 9 28
2 7 10 30
2 0 1 32
2 1 2 34
2 2 3 36
2 3 4 38
2 4 5 40
2 7 1 12
2 5 2 14
2 0 3 16
2 3 4 18
2 1 5 20
2 2 6 22
2 6 7 24
2 4 8 26
2 5 9 28
2 7 10 30
2 0 11 32
2 1 1 34
2 6 2 36
2 5 2 12
2 0 3 14
2 3 4 16
2 1 5 18
2 2 6 20
2 6 7 22
2 4 8 24
2 5 9 26
2 7 10 28
2 0 1 30
2 7 1 12
2 5 2 14
2 0 3 16
2 3 4 18
2 1 5 20
2 2 6 22
2 6 7 24
2 4 8 26
2 5 9 28
2 7 10 30
2 7 1 12
2 5 2 14
2 0 3 16
2 3 4 18
2 7 1 12
2 5 2 14
2 0 3 16
2 3 4 18
2 1 5 20
2 2 6 22
2 6 7 24
2 4 8 26
2 5 9 28
2 7 1 30
2 0 2 32
2 1 3 34
2 3 4 36
2 2 5 38
2 4 6 40
2 5 7 42
2 6 8 44
2 1 9 46
2 7 10 48
2 0 1 50
2 2 2 52
2 3 3 54
2 4 4 56
2 1 40 12
2 5 1 12
2 5 1 12
2 3 2 14
2 0 3 16
2 1 4 18
2 2 5 20
2 5 1 13
2 3 2 15
2 0 3 17
2 1 4 19
2 6 8 25
